356482915
23167419
451000315
341412510
224995586
912613952
12088571
24593177
209207945
19902078
322431896
152767145
234779840
176925980
668351307
50816217
446464716
232462965
520102552
249181119
686325682
29572966
94113606
422299705
528549694
102920165
653475672
81216570
39939909
454236599
224303380
268041810
80215093
279040333
874500191
172258741
115926104
473529348
930403870
148738026
187302334
403896662
34060912
564344149
189985625
9303470
147587825
194845014
311735804
583374526
524127470
301770162
203077434
17614796
216242485
67232320
263818543
54913566
370818922
414966374
135528113
449631384
277230817
196898441
264250012
675086575
487388881
66201974
420497214
582403971
23009174
324802349
984962312
14006773
18100032
530878405
56594284
319601869
26948613
180624794
122546772
45149208
29772117
64683692
10560852
845562375
848443602
498578670
511849442
545055264
325683722
347953430
201445285
45226169
7784144
118682453
505114917
225005040
397155580
432374225