10
68
55517 18000 71066 23115 64258 10428 46539 56786 53889 90249 26134 65411 86557 82199 91068 75268 21380 86319 92967 84025 73266 83581 9913 38954 83637 77764 59990 51051 22471 83757 65524 32416 16505 8526 53801 60679 82500 17961 33179 13899 97706 20052 99736 18389 90763 14619 78850 87355 25243 68697 39764 54107 86477 80475 91920 789 51406 36932 24456 56626 25652 94727 93604 28254 11991 44688 85332 51065
51
33824 94428 12123 69885 60122 85201 51878 22746 94078 31601 33956 60924 60767 94352 72461 93956 44199 91415 74655 78782 68667 29107 9525 54058 1511 43764 47095 30018 71332 59174 14483 69620 75405 57706 50189 74336 77715 40504 24054 49045 32949 88857 32207 63497 98223 98319 72604 19084 58868 37129 77075
59
81311 94632 57502 13235 17697 44133 75654 83145 35969 86965 26384 19963 77674 34950 23640 58646 95625 52198 44394 92567 50841 63438 44058 30376 73447 58504 68062 16789 25465 77178 85755 95414 98408 83002 34019 99440 25059 63913 93897 22360 6424 10941 83395 57451 49678 40010 14022 41398 77668 40491 90805 64130 13765 72527 58936 30713 44581 80613 61261
100
21781 1374 36757 69740 99802 76781 30570 82183 9281 62251 47675 63545 42136 22438 36206 7047 76742 72910 14424 85707 18150 9062 5469 32489 23451 16226 75746 80136 78690 23089 33763 34320 44270 65224 60299 87313 97382 66569 32377 65846 89028 21388 86028 4143 6985 75077 63135 74448 57096 56449 16107 38224 42090 33849 6 97251 35853 43309 49193 46156 83607 15798 12017 15854 27971 47407 83137 19569 42673 62748 8574 33189 23092 35008 61890 21369 47409 81010 65986 53515 22328 28665 73148 39542 23204 16698 92821 34991 49939 56861 96240 32427 24653 60509 34370 38436 26606 2203 86258 79657
67
28873 74064 17200 38797 14714 62062 93812 34246 770 6333 43565 78490 68593 80214 78422 10518 51993 34274 95015 35862 81794 2082 95359 30019 30026 59291 60783 72646 64179 76095 90581 96936 76322 58504 13047 32285 83144 23933 39920 18617 79498 87181 93545 90232 94182 89973 96616 96994 92925 10281 24719 58397 76643 69976 21164 9536 88835 95865 87611 77881 19589 30307 9466 13781 77147 86978 11943
81
74386 83557 20268 36673 58614 72457 75088 38637 74979 11562 2743 18569 45343 37408 40018 83774 25353 86377 47639 61215 71834 69856 87356 5574 20766 83607 84967 30054 11120 24179 13699 78375 28293 92539 87953 5800 62334 62830 7179 22751 42349 96264 77649 4387 52960 79222 85721 88727 3670 25138 64780 69111 95723 76220 645 88635 52447 81923 42884 45173 405 76920 64862 27430 592 77396 66926 91374 18645 47472 63700 80210 25537 88423 53713 54031 48933 5762 90065 63982 88841
89
82263 12053 30352 33656 32623 74998 85403 64728 88376 64597 94235 22620 19589 33107 60114 81905 54959 85861 56095 40152 5035 88344 98677 53413 78837 71526 60428 82548 15680 15247 68742 83127 81787 62577 9785 83261 47686 33548 83986 16286 35082 31344 92535 67885 52958 60486 24305 45871 23822 22917 13296 32849 50725 63104 66807 46166 7410 88655 42331 14126 74803 24110 23972 26651 56224 2600 78935 13737 97689 39731 30518 29697 51828 40977 43351 67266 45199 88699 12070 40004 46659 81785 17772 91286 53151 77281 32535 72104 28118
95
81498 64364 28058 19331 93271 99978 10404 53024 54902 73793 27615 24888 62306 68573 53897 16913 97253 18864 16656 60702 97002 58961 95104 1200 397 8647 51126 61579 33277 66158 64645 5449 55759 77172 61091 91371 84313 38614 5214 56666 81717 79681 37759 85664 98037 87582 33811 14763 79623 72121 81971 3494 68543 34911 22396 11996 87882 87337 34334 35659 71921 56112 71161 88873 8855 44256 49023 65613 35647 14030 8944 96359 59986 68730 51289 599 64612 62661 33218 19038 52301 79031 57010 23224 70887 92194 83892 25905 42015 28372 91612 74284 59747 90747 13089
62
73339 152 63110 44008 99544 76794 8460 16097 92922 14231 9587 80477 47864 52575 84853 86323 27591 95748 89458 57885 4323 74554 3078 25526 51889 8051 67519 18517 79953 21907 76015 48423 78523 22408 51780 65405 79594 25533 45902 73616 80956 2790 87147 52877 20096 40097 90548 9664 31487 48796 32080 54507 95553 11375 19246 16571 67273 50189 52500 29293 264 31523
59
87301 53921 62152 69721 67043 62124 36711 80795 62271 58050 4032 80353 30857 49101 41594 25683 87709 48495 44986 17783 13037 73328 40035 87828 79554 93652 51421 97339 96309 25394 21405 52191 21510 21225 90608 38664 21724 29542 47551 7477 22487 50182 2397 63486 69522 63227 90227 41257 74997 77073 46337 19533 68454 46851 72482 91572 53675 61109 4119