100
1000000000 1 213261504
560644246 7879023 2
1000000000 847287808 999999999
999999999 27602 999969369
53 694907486 2
198 508815647 1
999999999 999999998 914195001
158 355311663 2
7 770713665 6
559971089 559971089 559971088
177 35398760 176
29 514245574 1
5 562808318 2
909 500472699 590
141 121950476 140
172 873591946 1
14 94396418 13
6 630393971 5
6 357801644 2
157 615667807 99
55 168846488 14
6729848 60568632 1889
922766970 922740660 2
726576508 726576509 2
420703868 420709736 420703868
38 505645442 38
227259323 227259322 5421
1000000000 1000000000 1
617894881 1 617889317
46008 916985661 46007
87 111748107 1
89 674365550 89
8 249302467 2
4 36374648 1
15 970536135 1
73 953862896 73
83708 514804199 1
14 359737784 2
16 400708111 15
64 855048512 19
1000000000 999971549 20332
999999999 999968981 999993327
11 42318638 3
7 369260510 7
3775387 177443190 3775386
22820511 54805668 1300
53 545926265 52
1000000000 962652250 999969597
1000000000 999999999 2
80 975400001 12
1000000000 1 2
11 914252999 4
1000000000 394281323 6742
818345537 736474791 6180
5 582637650 1
149 289142408 2
8 158341997 8
10 150869150 1
11029 758354039 104
65 777476831 1
1000000000 999999999 20391
1000000000 26773 999999999
65 940491694 64
118 122781951 117
16 894727423 15
11 250903258 11
999999999 1 2
94 612741632 1
1000000000 13936 2
999999999 999999998 1
3 305701367 1
999999999 999999998 999999998
48 970406879 48
14 204805822 2
145 401438290 144
9 195504578 2
143 56087746 1
146 260578757 2
999999998 25533 1
631314997 631330370 21403
178686095 357372190 1
192 269076864 192
99 218068092 1
414 311886885 1
19 551886756 6
150 792795599 2
999999999 1000000000 15261
199 75337210 199
1000000000 1 1000000000
9686558 67805905 2
47 388555909 2
999999999 999999999 999999333
348507043 348507043 1
68 923935775 1
41 293036923 2
1000000000 1 1
138 790431482 1
16 480102127 1
999999999 999995673 999999998
168 176223392 129